       11.399546
       21.737389
       31.042193
       41.079087
       52.058727
       61.638334
       70.967312
       8 1.02824
       9 2.22441
      101.422943
      111.927823
      123.543491
      13 2.34182
      14 2.22089
      151.213127
      161.077262
      172.618986
      180.910446
      191.047525
      202.119883
      21 2.80325
      220.996086
      232.240779
      242.188653
      251.239797
      261.747297
      277.084309
      285.004981
      297.960719
      304.491888
      314.732679
      322.806415
      331.218337
      341.197077
      352.005076
      363.088165
      373.306506
      381.938084
      39 2.89754
      402.115521
      411.943408
      423.890508
      432.823154
      442.658408
      451.114605
      461.991109
      472.461503
      480.900088
      49  1.4629
      501.463098
      512.275291
      521.674028
      531.634336
      542.342298
      551.673426
      56 0.94898
      571.121815
      584.083394
      597.427737
      604.280077
      617.007312
      626.632009
      635.905831
      641.931635
      652.214499
      66 1.86452
      671.372499
      682.158626
      692.039063
      702.326552
      711.310202
      72 1.48518
      73 2.26841
      741.234445
      75  1.3918
      762.335078
      771.787994
      782.587118
      791.306029
      804.405888
      811.932065
      821.245545
      832.427114
      842.253266
      852.525338
      86 1.36273
      872.953162
      882.848961
      891.427651
      901.436875
      91 2.83645
      92 2.54247
      93 1.28635
      943.556949
      955.819587
      968.369836
      971.236831
      981.294226
      992.000583
     1001.258193
     1011.361185
     102 1.91156
     1033.099382
     1041.419881
     1051.369807
     1062.498224
     1071.408469
     1081.351896
     1091.628854
     110 1.87021
     1111.821109
     1121.292253
     1131.287947
     1143.629166
     1151.146694
     1161.275947
     117  1.9767
     1181.938346
     1191.564936
     1201.237342
